DATASET = co2020 case challenge part
NAME = tools over distance over vehicle days over vehicles with 200 requests over 15 days

DAY = 1
NUMBER_OF_VEHICLES = 2
1	R	0	10	44	160	38	39	0
2	R	0	135	0

DAY = 2
NUMBER_OF_VEHICLES = 5
1	R	0	132	158	172	115	0
2	R	0	11	169	56	68	0
3	R	0	43	81	183	-10	157	59	0
4	R	0	198	0
5	R	0	87	0

DAY = 3
NUMBER_OF_VEHICLES = 7
1	R	0	193	131	104	-68	-135	199	0
2	R	0	18	62	14	177	0
3	R	0	69	-56	0
4	R	0	60	-39	26	30	-157	0
5	R	0	145	46	0
6	R	0	152	-87	0
7	R	0	40	0

DAY = 4
NUMBER_OF_VEHICLES = 7
1	R	0	29	116	127	31	-44	-160	187	86	0
2	R	0	110	80	130	179	-115	156	185	-131	0
3	R	0	194	-26	-38	-59	-60	0
4	R	0	28	106	-193	-81	-62	197	-18	0
5	R	0	33	-198	0
6	R	0	52	-46	195	0
7	R	0	120	0

DAY = 5
NUMBER_OF_VEHICLES = 8
1	R	0	134	-127	-187	-80	-195	0
2	R	0	78	55	-11	105	-169	67	-199	0
3	R	0	148	147	83	168	-172	-185	171	-132	89	0
4	R	0	109	111	-28	-183	0
5	R	0	170	-43	57	122	-14	0
6	R	0	163	-120	0
7	R	0	35	-156	-158	-30	146	-179	0
8	R	0	114	-69	0

DAY = 6
NUMBER_OF_VEHICLES = 7
1	R	0	186	-57	-29	0
2	R	0	126	95	101	-145	-67	-104	0
3	R	0	2	149	79	-134	0
4	R	0	-177	189	63	-35	-116	-31	-86	0
5	R	0	117	141	151	-152	0
6	R	0	77	-163	0
7	R	0	107	-40	0

DAY = 7
NUMBER_OF_VEHICLES = 8
1	R	0	50	64	155	85	-130	-55	162	-105	-78	0
2	R	0	8	-197	97	-63	25	53	-106	74	49	-79	-149	0
3	R	0	54	150	188	3	-114	0
4	R	0	190	113	143	-194	0
5	R	0	121	-52	-110	0
6	R	0	137	-33	0
7	R	0	75	0
8	R	0	191	0

DAY = 8
NUMBER_OF_VEHICLES = 8
1	R	0	71	6	161	-186	0
2	R	0	-8	-170	-97	45	0
3	R	0	-148	-147	23	-168	-111	-83	-64	0
4	R	0	5	129	-146	-101	0
5	R	0	24	16	-137	0
6	R	0	-171	128	-143	-113	0
7	R	0	93	200	15	-122	139	-109	-89	0
8	R	0	9	-75	0

DAY = 9
NUMBER_OF_VEHICLES = 9
1	R	0	-45	167	182	164	-189	102	-200	-50	0
2	R	0	144	-9	0
3	R	0	27	-188	124	103	-77	66	0
4	R	0	166	-121	0
5	R	0	153	-117	72	58	-16	0
6	R	0	174	138	136	13	-107	0
7	R	0	-139	184	73	-25	88	-74	22	-151	-141	20	-2	0
8	R	0	196	-190	-155	0
9	R	0	19	-150	-95	-126	0

DAY = 10
NUMBER_OF_VEHICLES = 6
1	R	0	165	-15	-164	-182	0
2	R	0	175	34	94	-153	-129	181	-53	0
3	R	0	61	-24	173	119	41	-3	180	-162	-85	-54	0
4	R	0	178	-49	-102	-93	-161	0
5	R	0	48	21	-128	37	12	-166	0
6	R	0	154	-191	0

DAY = 11
NUMBER_OF_VEHICLES = 6
1	R	0	82	-174	-138	92	-136	-13	0
2	R	0	7	-144	0
3	R	0	108	65	-41	1	-180	-94	-12	-6	-71	0
4	R	0	176	-23	125	32	0
5	R	0	84	112	-165	0
6	R	0	90	192	-5	99	123	-175	0

DAY = 12
NUMBER_OF_VEHICLES = 8
1	R	0	140	-99	-20	17	-37	-27	-34	-66	0
2	R	0	98	-19	0
3	R	0	-124	-1	76	-58	-72	-48	-21	0
4	R	0	47	100	-119	-173	-103	0
5	R	0	-167	4	91	-184	-73	-22	-88	133	0
6	R	0	159	-196	0
7	R	0	42	96	-154	0
8	R	0	36	-176	0

DAY = 13
NUMBER_OF_VEHICLES = 9
1	R	0	142	-90	-133	-112	-42	-84	0
2	R	0	-98	-125	-32	0
3	R	0	-92	-108	-65	-61	0
4	R	0	51	-76	-17	0
5	R	0	118	-178	0
6	R	0	-140	-192	-181	0
7	R	0	-82	0
8	R	0	-47	0
9	R	0	-36	0

DAY = 14
NUMBER_OF_VEHICLES = 4
1	R	0	70	-51	-123	-91	-4	-96	-142	0
2	R	0	-100	-7	0
3	R	0	-159	0
4	R	0	-118	0

DAY = 15
NUMBER_OF_VEHICLES = 1
1	R	0	-70	0

